3 1 1 1 1 1
2 2 5 1 2 2
2 1 3 1 2 3
5 2 5 1 2 4
3 1 1 1 2 5
3 1 2 1 2 6
4 1 2 1 2 7
2 1 2 1 2 8
3 1 1 1 2 9
4 1 1 1 1 10
2 1 1 1 1 11
3 1 2 1 2 12
3 1 2 1 1 13
3 2 5 1 2 14
1 1 1 1 2 15
2 1 1 1 1 16
4 1 3 1 2 17
3 1 1 1 1 18
1 1 1 1 1 19
3 1 1 1 1 20
2 1 2 1 1 21
2 1 2 1 1 22
3 1 3 1 2 23
2 1 2 1 1 24
2 1 1 1 1 25
3 1 2 2 1 26
1 1 2 2 1 27 
5 1 3 2 2 28
3 1 1 2 1 29
2 2 3 2 2 30
2 1 3 2 1 31
3 1 1 2 1 32
3 1 2 2 1 33
3 1 1 2 1 34
5 1 5 2 2 35 
2 2 3 2 2 36
3 1 2 2 1 37
4 1 2 2 2 38
2 2 3 2 2 39
3 1 1 2 2 40
4 1 3 2 2 41
2 2 3 2 2 42
4 1 3 2 2 43
3 2 3 2 2 44
4 2 3 2 2 45
4 1 2 2 2 46
3 1 1 2 1 47
1 2 3 2 2 48
3 1 3 3 2 49
2 1 2 3 2 50
2 1 1 3 1 51
3 1 1 3 1 52
4 2 1 3 1 53
2 1 4 3 2 54
3 1 1 3 1 55
3 1 2 3 2 56
2 1 1 3 1 57
3 1 4 3 2 58
3 1 2 3 2 59
2 1 1 3 1 60
3 1 1 3 1 61
2 1 2 3 2 62
4 2 1 3 2 63
2 1 2 3 2 64
3 2 3 3 2 65
2 2 2 3 2 66
3 1 4 3 2 67
4 1 1 3 1 68
3 2 4 3 2 69
2 2 2 3 1 70
3 1 1 3 1 71
4 1 1 3 1 72
3 1 2 4 1 73
3 1 2 4 1 74
4 1 1 4 1 75
4 1 3 4 2 76
3 1 2 4 1 77
4 1 1 4 2 78
2 1 2 4 2 79
3 1 2 4 2 80
3 1 2 4 2 81
3 1 3 4 2 82
2 1 2 4 1 83
1 2 3 4 2 84
2 1 2 4 1 85
2 1 2 4 1 86
3 1 3 4 2 87
4 2 2 4 1 88
3 1 2 4 1 89
3 1 1 4 2 90
3 1 2 4 2 91
3 1 2 4 1 92
3 1 2 4 1 93
3 1 1 4 1 94
2 1 2 4 2 95
3 2 3 5 1 96
3 2 3 5 2 97
3 2 3 5 1 98
3 2 3 5 2 99
3 1 3 5 1 100
3 2 3 5 1 101
3 1 2 5 1 102
3 1 2 5 2 103
3 1 1 5 1 104
3 1 2 5 1 105
2 1 2 5 2 106
3 3 4 5 2 107
3 2 3 5 2 108
4 1 1 5 1 109
3 2 3 5 1 110
2 2 2 5 2 111
3 2 3 5 1 112
2 1 2 5 1 113
2 1 1 5 2 114
2 1 1 5 1 115
4 3 4 5 2 116
3 1 2 5 2 117
2 2 2 6 2 118 
3 1 2 6 1 119
2 1 2 6 2 120
3 1 4 6 1 121
2 1 3 6 2 122
4 1 3 6 2 123
3 1 3 6 2 124
3 2 4 6 2 125
3 1 2 6 2 126
1 1 2 6 2 127
4 1 1 6 1 128
1 1 1 6 1 129
2 1 3 6 2 130
4 1 4 6 2 131
2 1 4 6 2 132
3 1 1 6 1 133
4 2 2 6 2 134
2 1 1 6 2 135
2 1 1 6 1 136
3 1 1 6 1 137
3 1 1 6 1 138
3 1 1 6 1 139
1 1 1 6 1 140
4 1 2 6 2 141